   Time[s]           u[ft/s]           v[ft/s]           w[ft/s]           p[rad/s]          q[rad/s]          r[rad/s]          x[ft]             y[ft]             z[ft]             eo                e1                e2                e3
   0.000000000E+00   1.747132052E+02   1.024569242E-01   1.001426164E+01  -9.365164871E-03   2.251886187E-02   6.187006449E-02   0.000000000E+00   0.000000000E+00  -5.000000000E+02   9.823512623E-01   1.732150321E-01   6.951480265E-02  -1.225733527E-02
   5.000000000E-02   1.746277266E+02   1.066038923E-01   4.798176584E+00   3.372268539E-03  -8.399112681E-01   6.181495532E-02   8.704879371E+00  -1.408065463E-01  -5.007920217E+02   9.831193083E-01   1.730970228E-01   5.789397855E-02  -1.273317203E-02
   1.000000000E-01   1.744554862E+02   1.118035034E-01  -2.093432244E+00   1.130572903E-02  -9.051346040E-01   6.196563159E-02   1.739751387E+01  -2.560157663E-01  -5.015729785E+02   9.841840862E-01   1.730412156E-01   3.472596085E-02  -1.524892659E-02
   1.500000000E-01   1.741735155E+02   1.139139810E-01  -4.990743262E+00   9.238450754E-03  -4.079263360E-01   6.221127633E-02   2.608875921E+01  -3.835884614E-01  -5.022393012E+02   9.846060009E-01   1.730784862E-01   1.782100721E-02  -1.665149309E-02
   2.000000000E-01   1.740219963E+02   1.171801983E-01  -3.140252144E+00   1.481344183E-03   9.369167684E-02   6.236328650E-02   3.477961966E+01  -5.389585011E-01  -5.027485517E+02   9.846628235E-01   1.731798181E-01   1.417666329E-02  -1.571295171E-02
   2.500000000E-01   1.739017967E+02   1.223848166E-01   4.850911265E-01  -4.696138166E-03   2.310994730E-01   6.240954323E-02   4.346812356E+01  -7.116168133E-01  -5.031295042E+02   9.846144219E-01   1.732269629E-01   1.868155870E-02  -1.333637268E-02
   3.000000000E-01   1.737463634E+02   1.265515912E-01   2.618110191E+00  -5.475288927E-03   2.560547293E-02   6.252978642E-02   5.215270115E+01  -8.816614692E-01  -5.034368830E+02   9.845838775E-01   1.731686823E-01   2.196361471E-02  -1.117117773E-02
   3.500000000E-01   1.736197527E+02   1.352366463E-01   2.199094171E+00  -2.351164091E-03  -2.550127433E-01   6.206558468E-02   6.083221343E+01  -1.037542885E+00  -5.037023091E+02   9.846787929E-01   1.730725963E-01   1.871742965E-02  -1.015918454E-02
   4.000000000E-01   1.735167873E+02   1.431906119E-01   4.101128554E-01   5.345941619E-04  -3.785687124E-01   6.219838325E-02   6.950696400E+01  -1.181784478E+00  -5.039189231E+02   9.848183064E-01   1.729925074E-01   1.025154873E-02  -1.006983474E-02
   4.500000000E-01   1.734143814E+02   1.495906096E-01  -9.689184118E-01   9.854818024E-04  -3.086919251E-01   6.240999157E-02   7.817788433E+01  -1.324326527E+00  -5.040596631E+02   9.848808594E-01   1.729356496E-01   1.254587726E-03  -1.006875865E-02
   5.000000000E-01   1.733302740E+02   1.543161676E-01  -1.069805768E+00  -8.277632178E-04  -1.627627513E-01   6.264065561E-02   8.684515330E+01  -1.472627319E+00  -5.041040343E+02   9.848851131E-01   1.728788292E-01  -4.806314821E-03  -9.545874297E-03
   5.500000000E-01   1.732692097E+02   1.574622238E-01  -2.536408981E-01  -3.077100912E-03  -7.318283465E-02   6.285259527E-02   9.550857500E+01  -1.627117377E+00  -5.040508677E+02   9.848906120E-01   1.727943015E-01  -7.793372803E-03  -8.477916342E-03
   6.000000000E-01   1.732206738E+02   1.588482845E-01   5.720618490E-01  -4.140969533E-03  -8.634507005E-02   6.304089869E-02   1.041682532E+02  -1.783290731E+00  -5.039126103E+02   9.849029655E-01   1.726743046E-01  -9.861896260E-03  -7.244044374E-03
   6.500000000E-01   1.731848894E+02   1.583478035E-01   8.005464160E-01  -3.723761580E-03  -1.578666796E-01   6.322113256E-02   1.128244637E+02  -1.936675866E+00  -5.037016380E+02   9.848961457E-01   1.725372893E-01  -1.311003247E-02  -6.212335649E-03
   7.000000000E-01   1.731643747E+02   1.559621670E-01   4.675129953E-01  -2.627323859E-03  -2.156459104E-01   6.340562659E-02   1.214773464E+02  -2.086092574E+00  -5.034212550E+02   9.848449948E-01   1.724067860E-01  -1.806290636E-02  -5.474282134E-03
   7.500000000E-01   1.731576654E+02   1.516760303E-01   6.733875896E-03  -1.787468179E-03  -2.221237786E-01   6.359233025E-02   1.301267905E+02  -2.233393036E+00  -5.030663805E+02   9.847458880E-01   1.722914504E-01  -2.382133224E-02  -4.871990791E-03
   8.000000000E-01   1.731653941E+02   1.455524884E-01  -2.022664060E-01  -1.545207031E-03  -1.899639480E-01   6.376510537E-02   1.387725145E+02  -2.381073889E+00  -5.026301327E+02   9.846226360E-01   1.721854275E-01  -2.920296182E-02  -4.198845769E-03
   8.500000000E-01   1.731890056E+02   1.377939183E-01  -9.248076153E-02  -1.603900833E-03  -1.556720183E-01   6.390610931E-02   1.474143282E+02  -2.530232822E+00  -5.021094849E+02   9.845005724E-01   1.720800475E-01  -3.370078278E-02  -3.367122867E-03
   9.000000000E-01   1.732278402E+02   1.286602506E-01   1.478001081E-01  -1.466533129E-03  -1.449167623E-01   6.400668074E-02   1.560523196E+02  -2.680240390E+00  -5.015061832E+02   9.843798380E-01   1.719736700E-01  -3.762283890E-02  -2.431719343E-03
   9.500000000E-01   1.732810549E+02   1.184241199E-01   2.986819235E-01  -8.761522043E-04  -1.574872649E-01   6.406710299E-02   1.646867572E+02  -2.829780872E+00  -5.008238730E+02   9.842395677E-01   1.718732834E-01  -4.159076657E-02  -1.502003308E-03
   1.000000000E+00   1.733486166E+02   1.073691774E-01   2.799225939E-01   6.399779086E-05  -1.761701062E-01   6.409013885E-02   1.733178441E+02  -2.978040087E+00  -5.000648128E+02   9.840600966E-01   1.717883877E-01  -4.597892491E-02  -6.438940511E-04
   1.050000000E+00   1.734305384E+02   9.578864247E-02   1.624463505E-01   1.073777280E-03  -1.850741288E-01   6.407604475E-02   1.819455764E+02  -3.125124210E+00  -4.992287121E+02   9.838383922E-01   1.717239800E-01  -5.072345973E-02   1.531046765E-04
   1.100000000E+00   1.735268947E+02   8.399809416E-02   6.541912890E-02   1.946029002E-03  -1.808152500E-01   6.402218331E-02   1.905697943E+02  -3.271663704E+00  -4.983138274E+02   9.835870046E-01   1.716788703E-01  -5.551651011E-02   9.417673227E-04
   1.150000000E+00   1.736378908E+02   7.233936464E-02   5.276042398E-02   2.657301310E-03  -1.707676317E-01   6.392601070E-02   1.991903452E+02  -3.418167715E+00  -4.973187501E+02   9.833208332E-01   1.716490884E-01  -6.011338465E-02   1.763616528E-03
   1.200000000E+00   1.737635184E+02   6.115180070E-02   1.049738979E-01   3.306493134E-03  -1.640339951E-01   6.378783100E-02   2.078072077E+02  -3.564685566E+00  -4.962433438E+02   9.830445855E-01   1.716320320E-01  -6.448965058E-02   2.621750175E-03
   1.250000000E+00   1.739035691E+02   5.073728874E-02   1.615393711E-01   3.985200888E-03  -1.641928241E-01   6.361101387E-02   2.164204854E+02  -3.710919447E+00  -4.950884325E+02   9.827514696E-01   1.716279209E-01  -6.878385416E-02   3.490999427E-03
   1.300000000E+00   1.740578754E+02   4.134583647E-02   1.791424024E-01   4.698343123E-03  -1.685306277E-01   6.340041203E-02   2.250303018E+02  -3.856554057E+00  -4.938548900E+02   9.824316617E-01   1.716382276E-01  -7.314004613E-02   4.345398058E-03
   1.350000000E+00   1.742263591E+02   3.317948588E-02   1.577281728E-01   5.376907424E-03  -1.721530857E-01   6.316090612E-02   2.336367048E+02  -4.001488718E+00  -4.925430012E+02   9.820811033E-01   1.716631866E-01  -7.759932713E-02   5.177003836E-03
   1.400000000E+00   1.744089928E+02   2.640068846E-02   1.259910564E-01   5.942594783E-03  -1.723232849E-01   6.289706359E-02   2.422396539E+02  -4.145834333E+00  -4.911524724E+02   9.817035814E-01   1.717006671E-01  -8.210369831E-02   5.995158651E-03
   1.450000000E+00   1.746057705E+02   2.113287835E-02   1.105466537E-01   6.359405598E-03  -1.697551110E-01   6.261362355E-02   2.508390780E+02  -4.289756405E+00  -4.896828646E+02   9.813062230E-01   1.717469644E-01  -8.657167886E-02   6.813314146E-03
   1.500000000E+00   1.748166537E+02   1.745042416E-02   1.169726981E-01   6.638932724E-03  -1.669259948E-01   6.231595668E-02   2.594349422E+02  -4.433331531E+00  -4.881339881E+02   9.808935782E-01   1.717983733E-01  -9.096580992E-02   7.637323013E-03
   1.550000000E+00   1.750415498E+02   1.536695503E-02   1.327534283E-01   6.811467008E-03  -1.656515569E-01   6.200997891E-02   2.680272687E+02  -4.576518863E+00  -4.865059793E+02   9.804652905E-01   1.718521439E-01  -9.530491183E-02   8.463359136E-03
   1.600000000E+00   1.752803459E+02   1.483218934E-02   1.426392242E-01   6.895976860E-03  -1.659624093E-01   6.170164833E-02   2.766161080E+02  -4.719229198E+00  -4.847991105E+02   9.800182519E-01   1.719063301E-01  -9.963057259E-02   9.283783122E-03
   1.650000000E+00   1.755329428E+02   1.573856645E-02   1.408963712E-01   6.891522078E-03  -1.666816200E-01   6.139645898E-02   2.852014955E+02  -4.861407829E+00  -4.830135641E+02   9.795503259E-01   1.719590463E-01  -1.039680607E-01   1.009394708E-02
   1.700000000E+00   1.757992604E+02   1.793196635E-02   1.323803664E-01   6.789040202E-03  -1.667074925E-01   6.109918066E-02   2.937834317E+02  -5.003064925E+00  -4.811493498E+02   9.790622846E-01   1.720079592E-01  -1.083125723E-01   1.089456849E-02
   1.750000000E+00   1.760792282E+02   2.122083311E-02   1.253543641E-01   6.587599906E-03  -1.658112290E-01   6.081381782E-02   3.023618942E+02  -5.144248243E+00  -4.792063793E+02   9.785569317E-01   1.720504088E-01  -1.126425606E-01   1.168938620E-02
   1.800000000E+00   1.763727695E+02   2.538226502E-02   1.241626654E-01   6.301224127E-03  -1.645152492E-01   6.054362916E-02   3.109368639E+02  -5.284997669E+00  -4.771845888E+02   9.780368645E-01   1.720839382E-01  -1.169411132E-01   1.248142453E-02
   1.850000000E+00   1.766797930E+02   3.016745226E-02   1.272912649E-01   5.954056832E-03  -1.634492397E-01   6.029109080E-02   3.195083411E+02  -5.425321543E+00  -4.750840024E+02   9.775029853E-01   1.721067469E-01  -1.212066776E-01   1.327112267E-02
   1.900000000E+00   1.770001959E+02   3.530930289E-02   1.304785869E-01   5.571036719E-03  -1.628409548E-01   6.005779533E-02   3.280763417E+02  -5.565205082E+00  -4.729047077E+02   9.769547086E-01   1.721177793E-01  -1.254486560E-01   1.405710200E-02
   1.950000000E+00   1.773338738E+02   4.053282212E-02   1.308558953E-01   5.172131315E-03  -1.624801234E-01   5.984434799E-02   3.366408821E+02  -5.704633673E+00  -4.706467926E+02   9.763912136E-01   1.721165234E-01  -1.296762548E-01   1.483810126E-02
   2.000000000E+00   1.776807257E+02   4.556664714E-02   1.286501731E-01   4.772763523E-03  -1.620253974E-01   5.965032034E-02   3.452019681E+02  -5.843608275E+00  -4.683103034E+02   9.758124614E-01   1.721027831E-01  -1.338912558E-01   1.561421680E-02
   2.050000000E+00   1.780406535E+02   5.015381444E-02   1.259708780E-01   4.387501311E-03  -1.613079161E-01   5.947428421E-02   3.537595947E+02  -5.982143729E+00  -4.658952486E+02   9.752192462E-01   1.720766219E-01  -1.380888596E-01   1.638672896E-02
   2.100000000E+00   1.784135574E+02   5.406085280E-02   1.245715733E-01   4.032611020E-03  -1.604020782E-01   5.931391141E-02   3.623137543E+02  -6.120256777E+00  -4.634016306E+02   9.746125229E-01   1.720384641E-01  -1.422632448E-01   1.715710686E-02
   2.150000000E+00   1.787993329E+02   5.708534171E-02   1.246325053E-01   3.725443058E-03  -1.594870412E-01   5.916610694E-02   3.708644442E+02  -6.257956186E+00  -4.608294709E+02   9.739927522E-01   1.719892109E-01  -1.464120247E-01   1.792621096E-02
   2.200000000E+00   1.791978707E+02   5.906237941E-02   1.251548808E-01   3.481753861E-03  -1.586744391E-01   5.902714919E-02   3.794116677E+02  -6.395241670E+00  -4.581788126E+02   9.733597792E-01   1.719302459E-01  -1.505365634E-01   1.869422211E-02
   2.250000000E+00   1.796090589E+02   5.987006877E-02   1.251280761E-01   3.313330355E-03  -1.579456945E-01   5.889282950E-02   3.879554301E+02  -6.532109353E+00  -4.554497051E+02   9.727131906E-01   1.718633216E-01  -1.546393006E-01   1.946109296E-02
   2.300000000E+00   1.800327849E+02   5.943370130E-02   1.243141508E-01   3.227327024E-03  -1.572106941E-01   5.875860077E-02   3.964957338E+02  -6.668557268E+00  -4.526421899E+02   9.720527370E-01   1.717904047E-01  -1.587211468E-01   2.022698522E-02
   2.350000000E+00   1.804689361E+02   5.772819064E-02   1.231711725E-01   3.227014995E-03  -1.564020897E-01   5.861974626E-02   4.050325770E+02  -6.804586584E+00  -4.497562964E+02   9.713784751E-01   1.717135608E-01  -1.627809343E-01   2.099234730E-02
   2.400000000E+00   1.809173985E+02   5.477848069E-02   1.222618040E-01   3.312741635E-03  -1.555202478E-01   5.847156771E-02   4.135659558E+02  -6.940198988E+00  -4.467920495E+02   9.706906138E-01   1.716348981E-01  -1.668166577E-01   2.175768237E-02
   2.450000000E+00   1.813780565E+02   5.065792592E-02   1.217790557E-01   3.482234955E-03  -1.546103322E-01   5.830957824E-02   4.220958671E+02  -7.075393578E+00  -4.437494777E+02   9.699892863E-01   1.715565330E-01  -1.708269362E-01   2.252328235E-02
   2.500000000E+00   1.818507920E+02   4.548483632E-02   1.215205937E-01   3.730286512E-03  -1.537120811E-01   5.812968145E-02   4.306223096E+02  -7.210165878E+00  -4.406286155E+02   9.692744642E-01   1.714805342E-01  -1.748114850E-01   2.328914018E-02
   2.550000000E+00   1.823354853E+02   3.941743921E-02   1.211819256E-01   4.048417196E-03  -1.528307978E-01   5.792832634E-02   4.391452828E+02  -7.344509122E+00  -4.374295008E+02   9.685460503E-01   1.714088343E-01  -1.787705645E-01   2.405504411E-02
   2.600000000E+00   1.828320154E+02   3.264747939E-02   1.206309732E-01   4.425029627E-03  -1.519453122E-01   5.770263663E-02   4.476647854E+02  -7.478416126E+00  -4.341521704E+02   9.678040308E-01   1.713431314E-01  -1.827041910E-01   2.482071657E-02
   2.650000000E+00   1.833402609E+02   2.539264370E-02   1.199531636E-01   4.846077599E-03  -1.510342427E-01   5.745051672E-02   4.561808145E+02  -7.611880212E+00  -4.307966581E+02   9.670485542E-01   1.712848113E-01  -1.866118170E-01   2.558587391E-02
   2.700000000E+00   1.838600996E+02   1.788801901E-02   1.193081665E-01   5.295932573E-03  -1.500935701E-01   5.717073253E-02   4.646933664E+02  -7.744894935E+00  -4.273629962E+02   9.662799038E-01   1.712349014E-01  -1.904925812E-01   2.635019031E-02
   2.750000000E+00   1.843914080E+02   1.037687276E-02   1.187757867E-01   5.758134839E-03  -1.491344182E-01   5.686296147E-02   4.732024370E+02  -7.877453406E+00  -4.238512176E+02   9.654984223E-01   1.711940505E-01  -1.943457387E-01   2.711323412E-02
   2.800000000E+00   1.849340616E+02   3.101131651E-03   1.183181707E-01   6.215954749E-03  -1.481694651E-01   5.652780564E-02   4.817080228E+02  -8.009548078E+00  -4.202613575E+02   9.647044694E-01   1.711625174E-01  -1.981708720E-01   2.787444628E-02
   2.850000000E+00   1.854879352E+02  -3.708029192E-03   1.178496827E-01   6.652887858E-03  -1.472027415E-01   5.616676665E-02   4.902101203E+02  -8.141171211E+00  -4.165934526E+02   9.638984366E-01   1.711401648E-01  -2.019677922E-01   2.863317571E-02
   2.900000000E+00   1.860529027E+02  -9.839101110E-03   1.173217608E-01   7.053219454E-03  -1.462299178E-01   5.578218487E-02   4.987087261E+02  -8.272315581E+00  -4.128475398E+02   9.630807876E-01   1.711264606E-01  -2.057363196E-01   2.938873759E-02
   2.950000000E+00   1.866288374E+02  -1.510833229E-02   1.167488463E-01   7.402672271E-03  -1.452453058E-01   5.537714727E-02   5.072038358E+02  -8.402974968E+00  -4.090236559E+02   9.622520791E-01   1.711204979E-01  -2.094761669E-01   3.014045512E-02
   3.000000000E+00   1.872156122E+02  -1.936671071E-02   1.161741843E-01   7.689040801E-03  -1.442475895E-01   5.495536774E-02   5.156954450E+02  -8.533144245E+00  -4.051218377E+02   9.614129455E-01   1.711210349E-01  -2.131869868E-01   3.088767295E-02
   3.050000000E+00   1.878130995E+02  -2.250558130E-02   1.156239130E-01   7.902704023E-03  -1.432400122E-01   5.452104331E-02   5.241835489E+02  -8.662819273E+00  -4.011421228E+02   9.605640630E-01   1.711265521E-01  -2.168684911E-01   3.162975843E-02
   3.100000000E+00   1.884211710E+02  -2.446066378E-02   1.150912471E-01   8.036973318E-03  -1.422267420E-01   5.407869096E-02   5.326681429E+02  -8.791996856E+00  -3.970845497E+02   9.597061211E-01   1.711353178E-01  -2.205205183E-01   3.236611094E-02
   3.150000000E+00   1.890396981E+02  -2.521428884E-02   1.145536294E-01   8.088296991E-03  -1.412097160E-01   5.363297110E-02   5.411492225E+02  -8.920674841E+00  -3.929491579E+02   9.588398115E-01   1.711454596E-01  -2.241430127E-01   3.309618545E-02
   3.200000000E+00   1.896685518E+02  -2.479574947E-02   1.139973559E-01   8.056357149E-03  -1.401884209E-01   5.318850553E-02   5.496267830E+02  -9.048852263E+00  -3.887359878E+02   9.579658272E-01   1.711550366E-01  -2.277359598E-01   3.381952100E-02
   3.250000000E+00   1.903076030E+02  -2.327975347E-02   1.134265190E-01   7.944067924E-03  -1.391617865E-01   5.274969738E-02   5.581008196E+02  -9.176529391E+00  -3.844450801E+02   9.570848569E-01   1.711621167E-01  -2.312993462E-01   3.453576208E-02
   3.300000000E+00   1.909567222E+02  -2.078304352E-02   1.128540807E-01   7.757456700E-03  -1.381298736E-01   5.232056037E-02   5.665713273E+02  -9.303707626E+00  -3.800764761E+02   9.561975694E-01   1.711648523E-01  -2.348331640E-01   3.524466825E-02
   3.350000000E+00   1.916157800E+02  -1.745931837E-02   1.122886943E-01   7.505409390E-03  -1.370939951E-01   5.190456397E-02   5.750383011E+02  -9.430389303E+00  -3.756302177E+02   9.553045925E-01   1.711615555E-01  -2.383374377E-01   3.594611593E-02
   3.400000000E+00   1.922846468E+02  -1.349265080E-02   1.117298785E-01   7.199282395E-03  -1.360557006E-01   5.150450070E-02   5.835017359E+02  -9.556577487E+00  -3.711063475E+02   9.544064970E-01   1.711507641E-01  -2.418122365E-01   3.664009820E-02
   3.450000000E+00   1.929631934E+02  -9.089659350E-03   1.111727459E-01   6.852405935E-03  -1.350158755E-01   5.112238118E-02   5.919616267E+02  -9.682275783E+00  -3.665049088E+02   9.535037879E-01   1.711312980E-01  -2.452576624E-01   3.732672449E-02
   3.500000000E+00   1.936512903E+02  -4.470749215E-03   1.106148962E-01   6.479510821E-03  -1.339746852E-01   5.075936160E-02   6.004179682E+02  -9.807488163E+00  -3.618259454E+02   9.525969020E-01   1.711023023E-01  -2.486738261E-01   3.800621764E-02
   3.550000000E+00   1.943488086E+02   1.392157023E-04   1.100587444E-01   6.096105668E-03  -1.329321175E-01   5.041570688E-02   6.088707551E+02  -9.932218749E+00  -3.570695015E+02   9.516862065E-01   1.710632766E-01  -2.520608300E-01   3.867890544E-02
   3.600000000E+00   1.950556194E+02   4.520419114E-03   1.095088106E-01   5.717825306E-03  -1.318884456E-01   5.009079137E-02   6.173199818E+02  -1.005647157E+01  -3.522356216E+02   9.507719967E-01   1.710140913E-01  -2.554187651E-01   3.934520563E-02
   3.650000000E+00   1.957715944E+02   8.467376134E-03   1.089680516E-01   5.359771455E-03  -1.308442365E-01   4.978313719E-02   6.257656427E+02  -1.018025034E+01  -3.473243507E+02   9.498544963E-01   1.709549865E-01  -2.587477147E-01   4.000560638E-02
   3.700000000E+00   1.964966056E+02   1.179759983E-02   1.084367524E-01   5.035872006E-03  -1.298000592E-01   4.949048889E-02   6.342077318E+02  -1.030355816E+01  -3.423357341E+02   9.489338604E-01   1.708865571E-01  -2.620477537E-01   4.066064463E-02
   3.750000000E+00   1.972305255E+02   1.435927689E-02   1.079140358E-01   4.758289256E-03  -1.287562586E-01   4.920992145E-02   6.426462431E+02  -1.042639744E+01  -3.372698172E+02   9.480101834E-01   1.708097217E-01  -2.653189442E-01   4.131088337E-02
   3.800000000E+00   1.979732270E+02   1.603761504E-02   1.073997128E-01   4.536906146E-03  -1.277129788E-01   4.893797732E-02   6.510811702E+02  -1.054876965E+01  -3.321266459E+02   9.470835103E-01   1.707256781E-01  -2.685613278E-01   4.195688824E-02
   3.850000000E+00   1.987245836E+02   1.675957691E-02   1.068946891E-01   4.378913963E-03  -1.266703345E-01   4.867082672E-02   6.595125066E+02  -1.067067528E+01  -3.269062661E+02   9.461538491E-01   1.706358471E-01  -2.717749240E-01   4.259920338E-02
   3.900000000E+00   1.994844695E+02   1.649678124E-02   1.064000549E-01   4.288518701E-03  -1.256285319E-01   4.840444439E-02   6.679402454E+02  -1.079211370E+01  -3.216087239E+02   9.452211830E-01   1.705418072E-01  -2.749597320E-01   4.323832735E-02
   3.950000000E+00   2.002527594E+02   1.526643024E-02   1.059161350E-01   4.266778286E-03  -1.245878554E-01   4.813479520E-02   6.763643795E+02  -1.091308321E+01  -3.162340658E+02   9.442854838E-01   1.704452237E-01  -2.781157355E-01   4.387469073E-02
   4.000000000E+00   2.010293287E+02   1.313020758E-02   1.054423693E-01   4.311578687E-03  -1.235485869E-01   4.785802027E-02   6.847849014E+02  -1.103358099E+01  -3.107823383E+02   9.433467252E-01   1.703477739E-01  -2.812429078E-01   4.450863668E-02
   4.050000000E+00   2.018140535E+02   1.019118120E-02   1.049778454E-01   4.417751972E-03  -1.225109595E-01   4.757061542E-02   6.932018037E+02  -1.115360320E+01  -3.052535882E+02   9.424048967E-01   1.702510721E-01  -2.843412156E-01   4.514040542E-02
   4.100000000E+00   2.026068107E+02   6.588835168E-03   1.045217774E-01   4.577332860E-03  -1.214751819E-01   4.726959383E-02   7.016150782E+02  -1.127314511E+01  -2.996478625E+02   9.414600159E-01   1.701565988E-01  -2.874106231E-01   4.577012318E-02
   4.150000000E+00   2.034074780E+02   2.492441230E-03   1.040735359E-01   4.779943208E-03  -1.204414872E-01   4.695262518E-02   7.100247171E+02  -1.139220124E+01  -2.939652087E+02   9.405121390E-01   1.700656361E-01  -2.904510981E-01   4.639779588E-02
   4.200000000E+00   2.042159338E+02  -1.906940114E-03   1.036323962E-01   5.013287382E-03  -1.194101554E-01   4.661814498E-02   7.184307120E+02  -1.151076557E+01  -2.882056744E+02   9.395613695E-01   1.699792124E-01  -2.934626191E-01   4.702330799E-02
   4.250000000E+00   2.050320573E+02  -6.405471471E-03   1.031973852E-01   5.263736246E-03  -1.183814971E-01   4.626542857E-02   7.268330544E+02  -1.162883174E+01  -2.823693078E+02   9.386078636E-01   1.698980596E-01  -2.964451818E-01   4.764642681E-02
   4.300000000E+00   2.058557288E+02  -1.079615317E-02   1.027673822E-01   5.516973474E-03  -1.173558286E-01   4.589462598E-02   7.352317359E+02  -1.174639327E+01  -2.764561575E+02   9.376518332E-01   1.698225841E-01  -2.993988050E-01   4.826681218E-02
   4.350000000E+00   2.066868293E+02  -1.487859574E-02   1.023413397E-01   5.758674755E-03  -1.163334618E-01   4.550675587E-02   7.436267477E+02  -1.186344380E+01  -2.704662725E+02   9.366935466E-01   1.697528531E-01  -3.023235354E-01   4.888403131E-02
   4.400000000E+00   2.075252407E+02  -1.846849098E-02   1.019184216E-01   5.975188295E-03  -1.153147126E-01   4.510365818E-02   7.520180813E+02  -1.197997732E+01  -2.643997025E+02   9.357333254E-01   1.696885972E-01  -3.052194514E-01   4.949757793E-02
   4.450000000E+00   2.083708459E+02  -2.140632926E-02   1.014980027E-01   6.154184232E-03  -1.142999093E-01   4.468790750E-02   7.604057278E+02  -1.209598838E+01  -2.582564977E+02   9.347715392E-01   1.696292277E-01  -3.080866659E-01   5.010689503E-02
   4.500000000E+00   2.092235286E+02  -2.356493949E-02   1.010796191E-01   6.285241486E-03  -1.132893897E-01   4.426269092E-02   7.687896788E+02  -1.221147223E+01  -2.520367090E+02   9.338085975E-01   1.695738709E-01  -3.109253277E-01   5.071140018E-02
   4.550000000E+00   2.100831736E+02  -2.485547807E-02   1.006629611E-01   6.360343147E-03  -1.122834919E-01   4.383165583E-02   7.771699255E+02  -1.232642501E+01  -2.457403879E+02   9.328449394E-01   1.695214137E-01  -3.137356221E-01   5.131051229E-02
   4.600000000E+00   2.109496665E+02  -2.523156231E-02   1.002479142E-01   6.374255605E-03  -1.112825436E-01   4.339873484E-02   7.855464595E+02  -1.244084381E+01  -2.393675869E+02   9.318810219E-01   1.694705619E-01  -3.165177687E-01   5.190367868E-02
   4.650000000E+00   2.118228938E+02  -2.469132988E-02   9.983459286E-02   6.324771873E-03  -1.102868595E-01   4.296795612E-02   7.939192723E+02  -1.255472673E+01  -2.329183586E+02   9.309173064E-01   1.694199061E-01  -3.192720186E-01   5.249040104E-02
   4.700000000E+00   2.127027431E+02  -2.327730433E-02   9.942332406E-02   6.212805940E-03  -1.092967393E-01   4.254324842E-02   8.022883557E+02  -1.266807288E+01  -2.263927570E+02   9.299542461E-01   1.693679930E-01  -3.219986500E-01   5.307025912E-02
   4.750000000E+00   2.135891029E+02  -2.107405439E-02   9.901459640E-02   6.042332070E-03  -1.083124653E-01   4.212825043E-02   8.106537013E+02  -1.278088234E+01  -2.197908362E+02   9.289922723E-01   1.693133983E-01  -3.246979629E-01   5.364293087E-02
   4.800000000E+00   2.144818628E+02  -1.820374450E-02   9.860900794E-02   5.820170705E-03  -1.073342957E-01   4.172613395E-02   8.190153011E+02  -1.289315601E+01  -2.131126513E+02   9.280317820E-01   1.692547979E-01  -3.273702722E-01   5.420820808E-02
   4.850000000E+00   2.153809133E+02  -1.481978272E-02   9.820723192E-02   5.555630394E-03  -1.063624591E-01   4.133945020E-02   8.273731470E+02  -1.300489552E+01  -2.063582580E+02   9.270731275E-01   1.691910331E-01  -3.300159013E-01   5.476600664E-02
   4.900000000E+00   2.162861460E+02  -1.109887224E-02   9.780999137E-02   5.260022715E-03  -1.053971497E-01   4.097000698E-02   8.357272310E+02  -1.311610303E+01  -1.995277123E+02   9.261166074E-01   1.691211673E-01  -3.326351746E-01   5.531637088E-02
   4.950000000E+00   2.171974536E+02  -7.231859695E-03   9.741802839E-02   4.946073917E-03  -1.044385266E-01   4.061878364E-02   8.440775452E+02  -1.322678102E+01  -1.926210711E+02   9.251624606E-01   1.690445314E-01  -3.352284105E-01   5.585947165E-02
   5.000000000E+00   2.181147300E+02  -3.413842594E-03   9.703206613E-02   4.627262753E-03  -1.034867136E-01   4.028588837E-02   8.524240815E+02  -1.333693205E+01  -1.856383915E+02   9.242108633E-01   1.689607549E-01  -3.377959148E-01   5.639559809E-02
   5.050000000E+00   2.190378700E+02   1.659559401E-04   9.665277261E-02   4.317118318E-03  -1.025417999E-01   3.997056062E-02   8.607668319E+02  -1.344655857E+01  -1.785797312E+02   9.232619282E-01   1.688697810E-01  -3.403379747E-01   5.692514356E-02
   5.100000000E+00   2.199667698E+02   3.334015786E-03   9.628073333E-02   4.028514364E-03  -1.016038427E-01   3.967121888E-02   8.691057881E+02  -1.355566269E+01  -1.714451481E+02   9.223157081E-01   1.687718666E-01  -3.428548551E-01   5.744858620E-02
   5.150000000E+00   2.209013263E+02   5.941529675E-03   9.591643154E-02   3.772997378E-03  -1.006728715E-01   3.938555175E-02   8.774409420E+02  -1.366424595E+01  -1.642347006E+02   9.213722012E-01   1.686675649E-01  -3.453467944E-01   5.796646515E-02
   5.200000000E+00   2.218414380E+02   7.872107103E-03   9.556023103E-02   3.560184547E-03  -9.974889306E-02   3.911064793E-02   8.857722850E+02  -1.377230917E+01  -1.569484473E+02   9.204313597E-01   1.685576930E-01  -3.478140040E-01   5.847935355E-02
   5.250000000E+00   2.227870043E+02   9.047747369E-03   9.521235978E-02   3.397264509E-03  -9.883189906E-02   3.884315845E-02   8.940998085E+02  -1.387985233E+01  -1.495864469E+02   9.194931005E-01   1.684432859E-01  -3.502566679E-01   5.898782974E-02
   5.300000000E+00   2.237379257E+02   9.432743746E-03   9.487289686E-02   3.288628840E-03  -9.792187228E-02   3.857948267E-02   9.024235036E+02  -1.398687445E+01  -1.421487587E+02   9.185573170E-01   1.683255392E-01  -3.526749450E-01   5.949244806E-02
   5.350000000E+00   2.246941041E+02   9.035288382E-03   9.454176640E-02   3.235655458E-03  -9.701879311E-02   3.831596818E-02   9.107433612E+02  -1.409337358E+01  -1.346354419E+02   9.176238922E-01   1.682057435E-01  -3.550689722E-01   5.999371091E-02
   5.400000000E+00   2.256554422E+02   7.906670514E-03   9.421874015E-02   3.236657147E-03  -9.612264517E-02   3.804911369E-02   9.190593720E+02  -1.419934681E+01  -1.270465560E+02   9.166927119E-01   1.680852149E-01  -3.574388692E-01   6.049204352E-02
   5.450000000E+00   2.266218440E+02   6.138092617E-03   9.390344829E-02   3.286999444E-03  -9.523341992E-02   3.777576364E-02   9.273715264E+02  -1.430479033E+01  -1.193821608E+02   9.157636773E-01   1.679652235E-01  -3.597847447E-01   6.098777276E-02
   5.500000000E+00   2.275932146E+02   3.855262896E-03   9.359539831E-02   3.379382678E-03  -9.435112015E-02   3.749328370E-02   9.356798148E+02  -1.440969954E+01  -1.116423165E+02   9.148367167E-01   1.678469264E-01  -3.621067026E-01   6.148111138E-02
   5.550000000E+00   2.285694603E+02   1.211050658E-03   9.329400195E-02   3.504273638E-03  -9.347576199E-02   3.719970702E-02   9.439842274E+02  -1.451406923E+01  -1.038270834E+02   9.139117943E-01   1.677313066E-01  -3.644048489E-01   6.197214842E-02
   5.600000000E+00   2.295504885E+02  -1.623394109E-03   9.299860972E-02   3.650463569E-03  -9.260737569E-02   3.689384271E-02   9.522847540E+02  -1.461789375E+01  -9.593652238E+01   9.129889179E-01   1.676191229E-01  -3.666792987E-01   6.246084647E-02
   5.650000000E+00   2.305362075E+02  -4.468561177E-03   9.270855083E-02   3.805721594E-03  -9.174600523E-02   3.657533994E-02   9.605813848E+02  -1.472116722E+01  -8.797069456E+01   9.120681432E-01   1.675108719E-01  -3.689301822E-01   6.294704600E-02
   5.700000000E+00   2.315265271E+02  -7.146976864E-03   9.242317498E-02   3.957506646E-03  -9.089170717E-02   3.624470377E-02   9.688741096E+02  -1.482388379E+01  -7.992966162E+01   9.111495750E-01   1.674067667E-01  -3.711576500E-01   6.343047663E-02
   5.750000000E+00   2.325213578E+02  -9.493476990E-03   9.214189228E-02   4.093697017E-03  -9.004454874E-02   3.590326117E-02   9.771629185E+02  -1.492603779E+01  -7.181348573E+01   9.102333653E-01   1.673067303E-01  -3.733618776E-01   6.391077464E-02
   5.800000000E+00   2.335206115E+02  -1.136475387E-02   9.186420782E-02   4.203294946E-03  -8.920460550E-02   3.555307896E-02   9.854478015E+02  -1.502762401E+01  -6.362222964E+01   9.093197089E-01   1.672104075E-01  -3.755430677E-01   6.438750596E-02
   5.850000000E+00   2.345242009E+02  -1.264760897E-02   9.158974807E-02   4.277064516E-03  -8.837195846E-02   3.519683807E-02   9.937287487E+02  -1.512863781E+01  -5.535595666E+01   9.084088360E-01   1.671171912E-01  -3.777014514E-01   6.486019318E-02
   5.900000000E+00   2.355320399E+02  -1.326541167E-02   9.131827730E-02   4.308064454E-03  -8.754669092E-02   3.483767128E-02   1.002005750E+03  -1.522907532E+01  -4.701473075E+01   9.075010024E-01   1.670262643E-01  -3.798372876E-01   6.532834516E-02
   5.950000000E+00   2.365440435E+02  -1.318236469E-02   9.104970295E-02   4.292043188E-03  -8.672888495E-02   3.447897384E-02   1.010278797E+03  -1.532893346E+01  -3.859861651E+01   9.065964781E-01   1.669366534E-01  -3.819508604E-01   6.579148749E-02
   6.000000000E+00   2.375601275E+02  -1.240530415E-02   9.078407028E-02   4.227671366E-03  -8.591861770E-02   3.412419834E-02   1.018547880E+03  -1.542821004E+01  -3.010767918E+01   9.056955356E-01   1.668472907E-01  -3.840424754E-01   6.624919202E-02
   6.050000000E+00   2.385802089E+02  -1.098290856E-02   9.052154792E-02   4.116596624E-03  -8.511595756E-02   3.377664595E-02   1.026812989E+03  -1.552690372E+01  -2.154198462E+01   9.047984369E-01   1.667570813E-01  -3.861124542E-01   6.670110359E-02
   6.100000000E+00   2.396042057E+02  -9.002348859E-03   9.026240636E-02   3.963316091E-03  -8.432096038E-02   3.343926714E-02   1.035074115E+03  -1.562501394E+01  -1.290159935E+01   9.039054216E-01   1.666649711E-01  -3.881611284E-01   6.714696255E-02
   6.150000000E+00   2.406320370E+02  -6.583570827E-03   9.000699210E-02   3.774873385E-03  -8.353366603E-02   3.311448401E-02   1.043331251E+03  -1.572254082E+01  -4.186590439E+00   9.030166969E-01   1.665700123E-01  -3.901888322E-01   6.758662140E-02
   6.200000000E+00   2.416636227E+02  -3.871551924E-03   8.975569977E-02   3.560397912E-03  -8.275409567E-02   3.280404559E-02   1.051584386E+03  -1.581948497E+01   4.602974461E+00   9.021324280E-01   1.664714202E-01  -3.921958958E-01   6.802005469E-02
   6.250000000E+00   2.426988839E+02  -1.027006976E-03   8.950894418E-02   3.330514472E-03  -8.198224985E-02   3.250892538E-02   1.059833513E+03  -1.591584734E+01   1.346702720E+01   9.012527329E-01   1.663686206E-01  -3.941826382E-01   6.844736146E-02
   6.300000000E+00   2.437377427E+02   1.783877826E-03   8.926713395E-02   3.096659797E-03  -8.121810788E-02   3.222926792E-02   1.068078623E+03  -1.601162898E+01   2.240549919E+01   9.003776783E-01   1.662612827E-01  -3.961493609E-01   6.886875999E-02
   6.350000000E+00   2.447801221E+02   4.400033193E-03   8.903064731E-02   2.870349101E-03  -8.046162854E-02   3.196438803E-02   1.076319707E+03  -1.610683085E+01   3.141832139E+01   8.995072803E-01   1.661493366E-01  -3.980963431E-01   6.928457516E-02
   6.400000000E+00   2.458259464E+02   6.675738415E-03   8.879981081E-02   2.662439521E-03  -7.971275217E-02   3.171282319E-02   1.084556757E+03  -1.620145358E+01   4.050542445E+01   8.986415064E-01   1.660329742E-01  -4.000238378E-01   6.969521921E-02
   6.450000000E+00   2.468751405E+02   8.489831981E-03   8.857488108E-02   2.482438144E-03  -7.897140388E-02   3.147243595E-02   1.092789764E+03  -1.629549734E+01   4.966673868E+01   8.977802825E-01   1.659126334E-01  -4.019320700E-01   7.010116695E-02
   6.500000000E+00   2.479276307E+02   9.753295005E-03   8.835602991E-02   2.337900012E-03  -7.823749776E-02   3.124055985E-02   1.101018718E+03  -1.638896161E+01   5.890219408E+01   8.969235001E-01   1.657889660E-01  -4.038212363E-01   7.050292715E-02
   6.550000000E+00   2.489833441E+02   1.041470122E-02   8.814333332E-02   2.233956121E-03  -7.751094157E-02   3.101417967E-02   1.109243612E+03  -1.648184513E+01   6.821172044E+01   8.960710277E-01   1.656627930E-01  -4.056915071E-01   7.090101184E-02
   6.600000000E+00   2.500422087E+02   1.046316301E-02   8.793676531E-02   2.173003279E-03  -7.679164153E-02   3.079013410E-02   1.117464436E+03  -1.657414580E+01   7.759524726E+01   8.952227214E-01   1.655350489E-01  -4.075430291E-01   7.129590547E-02
   6.650000000E+00   2.511041537E+02   9.928566393E-03   8.773619731E-02   2.154577225E-03  -7.607950673E-02   3.056532739E-02   1.125681180E+03  -1.666586071E+01   8.705270381E+01   8.943784376E-01   1.654067197E-01  -4.093759310E-01   7.168803608E-02
   6.700000000E+00   2.521691090E+02   8.879068786E-03   8.754140399E-02   2.175418267E-03  -7.537445286E-02   3.033693588E-02   1.133893835E+03  -1.675698615E+01   9.658401909E+01   8.935380445E-01   1.652787773E-01  -4.111903290E-01   7.207775019E-02
   6.750000000E+00   2.532370057E+02   7.416019399E-03   8.735207600E-02   2.229725689E-03  -7.467640503E-02   3.010259522E-02   1.142102391E+03  -1.684751771E+01   1.061891218E+02   8.927014325E-01   1.651521171E-01  -4.129863337E-01   7.246529338E-02
   6.800000000E+00   2.543077757E+02   5.666640991E-03   8.716783933E-02   2.309584196E-03  -7.398529955E-02   2.986055559E-02   1.150306838E+03  -1.693745045E+01   1.158679404E+02   8.918685232E-01   1.650275004E-01  -4.147640567E-01   7.285079760E-02
   6.850000000E+00   2.553813517E+02   3.774970297E-03   8.698828002E-02   2.405533533E-03  -7.330108464E-02   2.960979385E-02   1.158507166E+03  -1.702677906E+01   1.256204029E+02   8.910392754E-01   1.649055069E-01  -4.165236178E-01   7.323427629E-02
   6.900000000E+00   2.564576676E+02   1.891681247E-03   8.681297258E-02   2.507242163E-03  -7.262372033E-02   2.935007495E-02   1.166703366E+03  -1.711549805E+01   1.354464370E+02   8.902136892E-01   1.647865013E-01  -4.182651502E-01   7.361562751E-02
   6.950000000E+00   2.575366579E+02   1.635001615E-04   8.664150924E-02   2.604238135E-03  -7.195317743E-02   2.908195796E-02   1.174895427E+03  -1.720360194E+01   1.453459699E+02   8.893918059E-01   1.646706134E-01  -4.199888061E-01   7.399464507E-02
   7.000000000E+00   2.586182582E+02  -1.277041693E-03   8.647352743E-02   2.686645739E-03  -7.128943606E-02   2.880674616E-02   1.183083340E+03  -1.729108552E+01   1.553189283E+02   8.885737057E-01   1.645577365E-01  -4.216947590E-01   7.437103668E-02
   7.050000000E+00   2.597024048E+02  -2.320789416E-03   8.630873264E-02   2.745875623E-03  -7.063248349E-02   2.852638465E-02   1.191267095E+03  -1.737794394E+01   1.653652383E+02   8.877595025E-01   1.644475409E-01  -4.233832064E-01   7.474444804E-02
   7.100000000E+00   2.607890350E+02  -2.889420433E-03   8.614691457E-02   2.775218880E-03  -6.998231179E-02   2.824331267E-02   1.199446683E+03  -1.746417295E+01   1.754848258E+02   8.869493359E-01   1.643395044E-01  -4.250543684E-01   7.511449111E-02
   7.150000000E+00   2.618780867E+02  -2.940634609E-03   8.598795533E-02   2.770302076E-03  -6.933891507E-02   2.796028112E-02   1.207622093E+03  -1.754976893E+01   1.856776159E+02   8.861433614E-01   1.642329545E-01  -4.267084864E-01   7.548077449E-02
   7.200000000E+00   2.629694989E+02  -2.470698449E-03   8.583182945E-02   2.729369985E-03  -6.870228659E-02   2.768014856E-02   1.215793318E+03  -1.763472898E+01   1.959435329E+02   8.853417399E-01   1.641271216E-01  -4.283458193E-01   7.584293385E-02
   7.250000000E+00   2.640632111E+02  -1.514154493E-03   8.567859642E-02   2.653375118E-03  -6.807241581E-02   2.740567060E-02   1.223960348E+03  -1.771905089E+01   2.062825010E+02   8.845446265E-01   1.640211982E-01  -4.299666378E-01   7.620066021E-02
   7.300000000E+00   2.651591639E+02  -1.407154640E-04   8.552838725E-02   2.545867311E-03  -6.744928553E-02   2.713929816E-02   1.232123174E+03  -1.780273312E+01   2.166944435E+02   8.837521597E-01   1.639143998E-01  -4.315712191E-01   7.655372385E-02
   7.350000000E+00   2.662572984E+02   1.550426976E-03   8.538138691E-02   2.412691487E-03  -6.683286944E-02   2.688299971E-02   1.240281788E+03  -1.788577466E+01   2.271792833E+02   8.829644522E-01   1.638060228E-01  -4.331598396E-01   7.690199231E-02
   7.400000000E+00   2.673575568E+02   3.438452667E-03   8.523781453E-02   2.261516206E-03  -6.622313013E-02   2.663812076E-02   1.248436182E+03  -1.796817494E+01   2.377369428E+02   8.821815835E-01   1.636954961E-01  -4.347327687E-01   7.724544107E-02
   7.450000000E+00   2.684598817E+02   5.390329485E-03   8.509790308E-02   2.101228625E-03  -6.562001802E-02   2.640529120E-02   1.256586347E+03  -1.804993357E+01   2.483673440E+02   8.814035950E-01   1.635824210E-01  -4.362902623E-01   7.758415604E-02
   7.500000000E+00   2.695642169E+02   7.271078893E-03   8.496187985E-02   1.941241942E-03  -6.502347112E-02   2.618438770E-02   1.264732275E+03  -1.813105025E+01   2.590704085E+02   8.806304882E-01   1.634665986E-01  -4.378325576E-01   7.791832788E-02
   7.550000000E+00   2.706705068E+02   8.954103036E-03   8.482994853E-02   1.790768478E-03  -6.443341591E-02   2.597455385E-02   1.272873958E+03  -1.821152448E+01   2.698460573E+02   8.798622255E-01   1.633480407E-01  -4.393598694E-01   7.824823840E-02
   7.600000000E+00   2.717786963E+02   1.033077576E-02   8.470227365E-02   1.658114568E-03  -6.384976920E-02   2.577427662E-02   1.281011388E+03  -1.829135547E+01   2.806942113E+02   8.790987342E-01   1.632269644E-01  -4.408723878E-01   7.857424020E-02
   7.650000000E+00   2.728887315E+02   1.131855233E-02   8.457896782E-02   1.550052102E-03  -6.327244068E-02   2.558151303E-02   1.289144557E+03  -1.837054194E+01   2.916147911E+02   8.783399130E-01   1.631037720E-01  -4.423702777E-01   7.889673112E-02
   7.700000000E+00   2.740005590E+02   1.186696444E-02   8.446008231E-02   1.471315855E-03  -6.270133608E-02   2.539385714E-02   1.297273455E+03  -1.844908199E+01   3.026077170E+02   8.775856405E-01   1.629790156E-01  -4.438536803E-01   7.921612546E-02
   7.750000000E+00   2.751141261E+02   1.196103127E-02   8.434560157E-02   1.424266083E-03  -6.213636051E-02   2.520873408E-02   1.305398074E+03  -1.852697309E+01   3.136729089E+02   8.768357850E-01   1.628533518E-01  -4.453227164E-01   7.953282424E-02
   7.800000000E+00   2.762293810E+02   1.162182083E-02   8.423544239E-02   1.408742869E-03  -6.157742152E-02   2.502360557E-02   1.313518406E+03  -1.860421203E+01   3.248102866E+02   8.760902150E-01   1.627274883E-01  -4.467774911E-01   7.984718680E-02
   7.850000000E+00   2.773462726E+02   1.090412394E-02   8.412945816E-02   1.422123407E-03  -6.102443188E-02   2.483617059E-02   1.321634442E+03  -1.868079494E+01   3.360197696E+02   8.753488090E-01   1.626021274E-01  -4.482180991E-01   8.015950610E-02
   7.900000000E+00   2.784647503E+02   9.891436877E-03   8.402744826E-02   1.459577054E-03  -6.047731155E-02   2.464454479E-02   1.329746172E+03  -1.875671741E+01   3.473012771E+02   8.746114648E-01   1.624779118E-01  -4.496446315E-01   8.046998946E-02
   7.950000000E+00   2.795847644E+02   8.688669550E-03   8.392917235E-02   1.514496757E-03  -5.993598895E-02   2.444740432E-02   1.337853589E+03  -1.883197463E+01   3.586547280E+02   8.738781064E-01   1.623553754E-01  -4.510571820E-01   8.077874648E-02
   8.000000000E+00   2.807062657E+02   7.413184644E-03   8.383436826E-02   1.579070911E-03  -5.940040149E-02   2.424408227E-02   1.345956682E+03  -1.890656149E+01   3.700800409E+02   8.731486890E-01   1.622349039E-01  -4.524558524E-01   8.108578495E-02
   8.050000000E+00   2.818292060E+02   6.184914030E-03   8.374277196E-02   1.644947882E-03  -5.887049525E-02   2.403460989E-02   1.354055442E+03  -1.898047280E+01   3.815771338E+02   8.724232011E-01   1.621167087E-01  -4.538407580E-01   8.139101501E-02
   8.100000000E+00   2.829535373E+02   5.116378280E-03   8.365413743E-02   1.703937570E-03  -5.834622421E-02   2.381969947E-02   1.362149861E+03  -1.905370347E+01   3.931459246E+02   8.717016634E-01   1.620008156E-01  -4.552120313E-01   8.169426134E-02
   8.150000000E+00   2.840792126E+02   4.303445942E-03   8.356825431E-02   1.748691046E-03  -5.782754884E-02   2.360067050E-02   1.370239931E+03  -1.912624864E+01   4.047863306E+02   8.709841258E-01   1.618870683E-01  -4.565698232E-01   8.199528209E-02
   8.200000000E+00   2.852061855E+02   3.817608969E-03   8.348496148E-02   1.773301011E-03  -5.731443443E-02   2.337932555E-02   1.378325641E+03  -1.919810388E+01   4.164982687E+02   8.702706610E-01   1.617751478E-01  -4.579143039E-01   8.229379308E-02
   8.250000000E+00   2.863344100E+02   3.700423303E-03   8.340415520E-02   1.773772431E-03  -5.680684900E-02   2.315778668E-02   1.386406984E+03  -1.926926522E+01   4.282816552E+02   8.695613570E-01   1.616646050E-01  -4.592456610E-01   8.258949522E-02
   8.300000000E+00   2.874638408E+02   3.960578980E-03   8.332579141E-02   1.748323720E-03  -5.630476122E-02   2.293830663E-02   1.394483952E+03  -1.933972925E+01   4.401364060E+02   8.688563079E-01   1.615549028E-01  -4.605640961E-01   8.288210263E-02
   8.350000000E+00   2.885944333E+02   4.573837394E-03   8.324988231E-02   1.697493477E-03  -5.580813820E-02   2.272307112E-02   1.402556536E+03  -1.940949313E+01   4.520624364E+02   8.681556047E-01   1.614454655E-01  -4.618698204E-01   8.317136925E-02
   8.400000000E+00   2.897261435E+02   5.485823773E-03   8.317648814E-02   1.624044651E-03  -5.531694341E-02   2.251400965E-02   1.410624728E+03  -1.947855451E+01   4.640596615E+02   8.674593262E-01   1.613357305E-01  -4.631630491E-01   8.345711160E-02
   8.450000000E+00   2.908589278E+02   6.617412203E-03   8.310570561E-02   1.532675824E-03  -5.483113497E-02   2.231263105E-02   1.418688522E+03  -1.954691150E+01   4.761279956E+02   8.667675313E-01   1.612251967E-01  -4.644439953E-01   8.373922569E-02
   8.500000000E+00   2.919927434E+02   7.872211059E-03   8.303765420E-02   1.429566336E-03  -5.435066434E-02   2.211989842E-02   1.426747909E+03  -1.961456248E+01   4.882673527E+02   8.660802531E-01   1.611134675E-01  -4.657128647E-01   8.401769677E-02
   8.550000000E+00   2.931275478E+02   9.145469442E-03   8.297246177E-02   1.321796817E-03  -5.387547574E-02   2.193615405E-02   1.434802881E+03  -1.968150599E+01   5.004776466E+02   8.653974956E-01   1.610002834E-01  -4.669698499E-01   8.429260105E-02
   8.600000000E+00   2.942632994E+02   1.033359763E-02   8.291025061E-02   1.216697850E-03  -5.340550618E-02   2.176110091E-02   1.442853433E+03  -1.974774054E+01   5.127587904E+02   8.647192326E-01   1.608855407E-01  -4.682151266E-01   8.456409936E-02
   8.650000000E+00   2.953999569E+02   1.134343932E-02   8.285112477E-02   1.121185989E-03  -5.294068633E-02   2.159384171E-02   1.450899555E+03  -1.981326450E+01   5.251106971E+02   8.640454094E-01   1.607692976E-01  -4.694488506E-01   8.483242340E-02
   8.700000000E+00   2.965374798E+02   1.210045662E-02   8.279515932E-02   1.041147465E-03  -5.248094201E-02   2.143297185E-02   1.458941242E+03  -1.987807589E+01   5.375332794E+02   8.633759477E-01   1.606517641E-01  -4.706711576E-01   8.509785584E-02
   8.750000000E+00   2.976758279E+02   1.255508898E-02   8.274239215E-02   9.809254886E-04  -5.202619611E-02   2.127671705E-02   1.466978485E+03  -1.994217233E+01   5.500264495E+02   8.627107512E-01   1.605332790E-01  -4.718821632E-01   8.536070617E-02
   8.800000000E+00   2.988149618E+02   1.268671705E-02   8.269281897E-02   9.429574176E-04  -5.157637080E-02   2.112310285E-02   1.475011276E+03  -2.000555093E+01   5.625901197E+02   8.620497139E-01   1.604142760E-01  -4.730819659E-01   8.562128460E-02
   8.850000000E+00   2.999548423E+02   1.250488572E-02   8.264639166E-02   9.275940801E-04  -5.113138972E-02   2.097013985E-02   1.483039609E+03  -2.006820829E+01   5.752242016E+02   8.613927283E-01   1.602952414E-01  -4.742706507E-01   8.587987630E-02
   8.900000000E+00   3.010954312E+02   1.204769804E-02   8.260302066E-02   9.331163943E-04  -5.069117990E-02   2.081600736E-02   1.491063475E+03  -2.013014048E+01   5.879286070E+02   8.607396937E-01   1.601766683E-01  -4.754482941E-01   8.613671842E-02
   8.950000000E+00   3.022366903E+02   1.137755834E-02   8.256258113E-02   9.559458230E-04  -5.025567328E-02   2.065921814E-02   1.499082868E+03  -2.019134317E+01   6.007032472E+02   8.600905239E-01   1.600590109E-01  -4.766149694E-01   8.639198207E-02
   9.000000000E+00   3.033785824E+02   1.057469430E-02   8.252492262E-02   9.910268004E-04  -4.982480760E-02   2.049874891E-02   1.507097777E+03  -2.025181167E+01   6.135480330E+02   8.594451528E-01   1.599426445E-01  -4.777707526E-01   8.664576070E-02
   9.050000000E+00   3.045210704E+02   9.729098216E-03   8.248988122E-02   1.032342902E-03  -4.939852685E-02   2.033412444E-02   1.515108198E+03  -2.031154113E+01   6.264628753E+02   8.588035380E-01   1.598278328E-01  -4.789157266E-01   8.689806609E-02
   9.100000000E+00   3.056641180E+02   8.931678036E-03   8.245729309E-02   1.073515788E-03  -4.897678108E-02   2.016544772E-02   1.523114120E+03  -2.037052659E+01   6.394476844E+02   8.581656626E-01   1.597147072E-01  -4.800499858E-01   8.714883206E-02
   9.150000000E+00   3.068076891E+02   8.265481934E-03   8.242700756E-02   1.108428127E-03  -4.855952573E-02   1.999337384E-02   1.531115537E+03  -2.042876324E+01   6.525023703E+02   8.575315340E-01   1.596032596E-01  -4.811736384E-01   8.739792557E-02
   9.200000000E+00   3.079517484E+02   7.797849584E-03   8.239889848E-02   1.131809610E-03  -4.814672062E-02   1.981903068E-02   1.539112441E+03  -2.048624645E+01   6.656268425E+02   8.569011800E-01   1.594933480E-01  -4.822868078E-01   8.764516392E-02
   9.250000000E+00   3.090962608E+02   7.574248220E-03   8.237287234E-02   1.139729053E-03  -4.773832861E-02   1.964389494E-02   1.547104825E+03  -2.054297194E+01   6.788210104E+02   8.562746437E-01   1.593847157E-01  -4.833896314E-01   8.789033644E-02
   9.300000000E+00   3.102411917E+02   7.614381201E-03   8.234887263E-02   1.129945199E-03  -4.733431410E-02   1.946963611E-02   1.555092681E+03  -2.059893582E+01   6.920847825E+02   8.556519767E-01   1.592770205E-01  -4.844822592E-01   8.813322828E-02
   9.350000000E+00   3.113865070E+02   7.910927324E-03   8.232687984E-02   1.102083099E-03  -4.693464150E-02   1.929794439E-02   1.563076003E+03  -2.065413461E+01   7.054180674E+02   8.550332318E-01   1.591698722E-01  -4.855648498E-01   8.837364413E-02
   9.400000000E+00   3.125321732E+02   8.431003238E-03   8.230690787E-02   1.057620666E-03  -4.653927369E-02   1.913035986E-02   1.571054784E+03  -2.070856526E+01   7.188207729E+02   8.544184551E-01   1.590628728E-01  -4.866375660E-01   8.861142942E-02
   9.450000000E+00   3.136781569E+02   9.120165873E-03   8.228899725E-02   9.996892579E-04  -4.614817077E-02   1.896812022E-02   1.579029017E+03  -2.076222504E+01   7.322928066E+02   8.538076801E-01   1.589556574E-01  -4.877005701E-01   8.884648690E-02
   9.500000000E+00   3.148244253E+02   9.908514714E-03   8.227320642E-02   9.327109959E-04  -4.576128911E-02   1.881204213E-02   1.586998695E+03  -2.081511147E+01   7.458340757E+02   8.532009222E-01   1.588479300E-01  -4.887540190E-01   8.907878711E-02
   9.550000000E+00   3.159709461E+02   1.071824189E-02   8.225960188E-02   8.619121133E-04  -4.537858080E-02   1.866244801E-02   1.594963813E+03  -2.086722222E+01   7.594444869E+02   8.525981759E-01   1.587394910E-01  -4.897980597E-01   8.930837169E-02
   9.600000000E+00   3.171176875E+02   1.147183349E-02   8.224824846E-02   7.927641022E-04  -4.499999375E-02   1.851914496E-02   1.602924363E+03  -2.091855494E+01   7.731239469E+02   8.519994134E-01   1.586302551E-01  -4.908328258E-01   8.953534937E-02
   9.650000000E+00   3.182646177E+02   1.210006404E-02   8.223920020E-02   7.304115361E-04  -4.462547217E-02   1.838145746E-02   1.610880341E+03  -2.096910717E+01   7.868723617E+02   8.514045869E-01   1.585202555E-01  -4.918584360E-01   8.975988519E-02
   9.700000000E+00   3.194117058E+02   1.254895437E-02   8.223249276E-02   6.791463742E-04  -4.425495754E-02   1.824830950E-02   1.618831739E+03  -2.101887621E+01   8.006896373E+02   8.508136310E-01   1.584096374E-01  -4.928749929E-01   8.998218409E-02
   9.750000000E+00   3.205589211E+02   1.278497892E-02   8.222813788E-02   6.419831736E-04  -4.388838997E-02   1.811834690E-02   1.626778551E+03  -2.106785902E+01   8.145756794E+02   8.502264689E-01   1.582986383E-01  -4.938825841E-01   9.020247086E-02
   9.800000000E+00   3.217062333E+02   1.279800007E-02   8.222612020E-02   6.203784895E-04  -4.352570960E-02   1.799008618E-02   1.634720770E+03  -2.111605220E+01   8.285303933E+02   8.496430179E-01   1.581875609E-01  -4.948812849E-01   9.042096836E-02